graph 1 2704 3.5
node 10 1952 1.25 0.75 0.5 10 solid ellipse black lightgrey
node 20 2252.8 0.25 0.75 0.5 20 solid ellipse black lightgrey
node 11 1463.9 2.25 0.75 0.5 11 solid ellipse black lightgrey
node 14 1839.5 3.25 0.75 0.5 14 solid ellipse black lightgrey
node 12 2553.5 1.25 0.75 0.5 12 solid ellipse black lightgrey
node 13 150.49 1.25 0.75 0.5 13 solid ellipse black lightgrey
node 15 901.63 0.25 0.75 0.5 15 solid ellipse black lightgrey
node 19 1726.9 0.25 0.75 0.5 19 solid ellipse black lightgrey
node 18 451.24 1.25 0.75 0.5 18 solid ellipse black lightgrey
node 21 2252.8 1.25 0.75 0.5 21 solid ellipse black lightgrey
node 16 1764.6 2.25 0.75 0.5 16 solid ellipse black lightgrey
node 17 300.13 3.25 0.75 0.5 17 solid ellipse black lightgrey
edge 10 20 4 1952.4 1.2349 1964 1.1974 2238.7 0.30941 2252.3 0.26557 solid black
edge 11 10 4 1464.3 2.2354 1479.2 2.2056 1934 1.2998 1951.5 1.2649 solid black
edge 11 14 4 1464.3 2.2639 1614.3 2.2655 1988.5 3.2339 1840 3.2361 solid black
edge 11 12 10 1464.3 2.2354 1470.4 2.2236 1550 2.0708 1614.3 2 1964.9 1.6136 2052.5 1.8864 2403.2 1.5 2466.9 1.4297 2545.9 1.2786 2553 1.2649 solid black
edge 11 13 10 1463.5 2.2358 1454.7 2.2282 1293 2.0887 1163 2 779.8 1.7386 684.02 1.9119 300.87 1.5 237.1 1.4314 158.12 1.2788 151.01 1.2649 solid black
edge 11 15 4 1463.5 2.2348 1447.4 2.1784 920.99 0.33181 902.15 0.26571 solid black
edge 11 19 4 1464.3 2.2333 1475 2.1526 1713.7 0.36223 1726.3 0.26777 solid black
edge 11 18 7 1463.5 2.2358 1449.1 2.2229 1020.6 1.841 676.62 1.5 580.22 1.4044 460.64 1.2741 451.77 1.2645 solid black
edge 11 21 10 1463.5 2.2361 1314 2.2359 1397.5 2.0866 1464.3 2 1681.2 1.7186 1735.5 1.7814 1952.4 1.5 2019.2 1.4134 2102.6 1.2642 2252.3 1.2639 solid black
edge 14 20 13 1839.8 3.236 1856.1 3.2328 2400.8 3.12 2558.1 2.5 2562.2 2.484 2701.1 4.3738 2703.9 1.5 2704.1 1.3423 2704.1 1.1573 2703.9 1 2703.4 0.45667 2270.4 0.27121 2253.3 0.2641 solid black
edge 14 11 4 1839.1 3.2361 1689 3.2345 1314.9 2.2661 1463.4 2.2639 solid black
edge 14 13 7 1839.1 3.2358 1818.7 3.2163 976.38 2.4114 300.87 1.5 237.1 1.414 158.12 1.2772 151.01 1.2648 solid black
edge 12 20 4 2553.2 1.2349 2541.6 1.1974 2266.9 0.30941 2253.3 0.26557 solid black
edge 12 14 7 2553.2 1.2659 2544.6 1.3123 2393.1 2.1292 2271.1 2.5 2084.4 3.0678 1852.3 3.2276 1840 3.2358 solid black
edge 18 15 4 451.62 1.2353 465.99 1.2043 884.31 0.30128 901.11 0.26501 solid black
edge 21 20 4 2252.8 0.99579 2252.8 0.88865 2252.8 0.7599 2252.8 0.64045 solid black
edge 21 11 10 2253.2 1.2639 2402.7 1.2641 2319.2 1.4134 2252.4 1.5 2035.5 1.7814 1981.2 1.7186 1764.3 2 1697.5 2.0866 1614.1 2.2358 1464.4 2.2361 solid black
edge 21 14 4 2252.4 1.2657 2238.7 1.3309 1856 3.1569 1840 3.2336 solid black
edge 21 15 7 2252.4 1.2354 2246.3 1.2235 2166.6 1.0701 2102.4 1 1577.4 0.42684 923.13 0.26896 902.15 0.26401 solid black
edge 21 19 4 2252.4 1.2354 2236.9 1.2067 1745.6 0.29846 1727.4 0.26485 solid black
edge 16 21 4 1765 2.2354 1779.9 2.2056 2234.8 1.2998 2252.3 1.2649 solid black
edge 17 20 16 299.75 3.2349 293.25 3.2143 204.24 2.9284 132.51 2.5 128.83 2.478 2.7083 4.1102 0.11766 1.5 -0.038884 1.3423 -0.039458 1.1572 0.11766 1 0.11766 1 1877.2 0.5 1877.2 0.5 2039.3 0.42746 2240.8 0.27316 2252.3 0.26429 solid black
edge 17 11 4 300.51 3.2358 324 3.2162 1435.9 2.2873 1463.4 2.2643 solid black
edge 17 13 4 299.75 3.2311 291.78 3.1261 160.27 1.3927 151.01 1.2707 solid black
stop
