graph 1 601.73 4.5
node 10 150.49 3.25 0.75 0.5 10 solid ellipse black lightgrey
node 11 37.895 1.25 0.75 0.5 11 solid ellipse black lightgrey
node 15 150.49 2.25 0.75 0.5 15 solid ellipse black lightgrey
node 17 37.895 0.25 0.75 0.5 17 solid ellipse black lightgrey
node 12 451.24 2.25 0.75 0.5 12 solid ellipse black lightgrey
node 16 563.84 1.25 0.75 0.5 16 solid ellipse black lightgrey
node 13 451.24 3.25 0.75 0.5 13 solid ellipse black lightgrey
node 14 300.87 4.25 0.75 0.5 14 solid ellipse black lightgrey
edge 10 11 10 150.11 3.2361 141.85 3.2357 0.83223 3.2185 0.1172 2.5 -0.039548 2.3425 -0.038395 2.1587 0.1172 2 0.80056 1.3032 32.878 1.2658 37.374 1.264 solid black
edge 10 15 4 150.49 2.9958 150.49 2.8886 150.49 2.7599 150.49 2.6405 solid black
edge 11 17 4 37.895 0.99579 37.895 0.88865 37.895 0.7599 37.895 0.64045 solid black
edge 15 11 4 150.12 2.2329 143.32 2.1742 46.359 1.337 38.412 1.2684 solid black
edge 12 16 4 451.62 2.2329 458.41 2.1742 555.38 1.337 563.32 1.2684 solid black
edge 13 15 4 450.86 3.2349 439.26 3.1974 164.57 2.3094 151.01 2.2656 solid black
edge 13 12 4 451.24 2.9958 451.24 2.8886 451.24 2.7599 451.24 2.6405 solid black
edge 13 16 10 451.62 3.2361 459.88 3.2357 600.9 3.2185 601.62 2.5 601.77 2.3425 601.77 2.1587 601.62 2 600.93 1.3032 568.86 1.2658 564.36 1.264 solid black
edge 14 10 4 300.49 4.2337 292.48 4.1819 160.31 3.3274 151.01 3.2672 solid black
edge 14 13 4 301.25 4.2337 309.26 4.1819 441.42 3.3274 450.73 3.2672 solid black
stop
